10
    1      -7.892790848222E-01      -3.263959282465E+00      -1.449690661620E-01
    2      -1.325531960080E+00      -2.066279383702E+00       1.344570442465E+00
    3      -1.526297493678E+00      -2.902040863967E+00       5.825121007886E-01
    4      -2.111706700901E+00      -2.255237021232E+00      -1.117980448642E-01
    5      -5.616915101497E-01      -2.561705528388E+00       7.756060122481E-01
    6      -1.018490048586E+00      -3.722619884870E+00       1.086507015245E+00
    7      -1.070237708546E+00      -2.232399941457E+00      -6.673845885913E-01
    8      -1.355117990318E+00      -3.133237193210E+00      -1.240750466065E+00
    9      -1.267373884651E+00      -1.859116022133E+00       2.839564177092E-01
   10      -6.502415711013E-01      -2.174468629872E+00       2.124154778786E+00