  -1.3103706971   -1.3103706971   -1.3103706971
  -1.3103706971   -0.4367902324   -0.4367902324
  -0.4367902324   -0.4367902324   -1.3103706971
  -0.4367902324   -1.3103706971   -0.4367902324
  -1.3103706971   -1.3103706971    0.4367902324
  -1.3103706971   -0.4367902324    1.3103706971
  -0.4367902324   -0.4367902324    0.4367902324
  -0.4367902324   -1.3103706971    1.3103706971
  -1.3103706971    0.4367902324   -1.3103706971
  -1.3103706971    1.3103706971   -0.4367902324
  -0.4367902324    1.3103706971   -1.3103706971
  -0.4367902324    0.4367902324   -0.4367902324
  -1.3103706971    0.4367902324    0.4367902324
  -1.3103706971    1.3103706971    1.3103706971
  -0.4367902324    1.3103706971    0.4367902324
  -0.4367902324    0.4367902324    1.3103706971
   0.4367902324   -1.3103706971   -1.3103706971
   0.4367902324   -0.4367902324   -0.4367902324
   1.3103706971   -0.4367902324   -1.3103706971
   1.3103706971   -1.3103706971   -0.4367902324
   0.4367902324   -1.3103706971    0.4367902324
   0.4367902324   -0.4367902324    1.3103706971
   1.3103706971   -0.4367902324    0.4367902324
   1.3103706971   -1.3103706971    1.3103706971
   0.4367902324    0.4367902324   -1.3103706971
   0.4367902324    1.3103706971   -0.4367902324
   1.3103706971    1.3103706971   -1.3103706971
   1.3103706971    0.4367902324   -0.4367902324
   0.4367902324    0.4367902324    0.4367902324
   0.4367902324    1.3103706971    1.3103706971
   1.3103706971    1.3103706971    0.4367902324
   1.3103706971    0.4367902324    1.3103706971
